17
2.50e11
2.20e11 0.000e00 0.000e00 2.000e04 5.974e24 earth.gif
0.000e00 2.20e11 -2.000e004 0.000e00 6.419e23 mars.gif
-2.20e11 0.000e00 0.000e00 -2.000e04 3.302e23 mercury.gif
0.000e00 0.000e00 0.000e00 0.000e00 1.989e30 sun.gif
0.000e00 -2.20e11 2.000e04 0.000e00 4.869e24 venus.gif

2.20e11 2.20e11 0.000e00 2.000e04 5.974e24 earth.gif
-2.20e11 2.20e11 -2.000e004 0.000e00 6.419e23 mars.gif
-2.20e11 -2.20e11 0.000e00 -2.000e04 3.302e23 mercury.gif
2.20e11 -2.20e11 2.000e04 0.000e00 4.869e24 venus.gif

1.10e11 1.10e11 0.000e00 2.000e04 5.974e24 earth.gif
-1.10e11 1.10e11 -2.000e004 0.000e00 6.419e23 mars.gif
-1.10e11 -1.10e11 0.000e00 -2.000e04 3.302e23 mercury.gif
1.10e11 -1.10e11 2.000e04 0.000e00 4.869e24 venus.gif

1.10e11 0.000e00 0.000e00 2.000e04 5.974e24 earth.gif
0.000e00 1.10e11 -2.000e004 0.000e00 6.419e23 mars.gif
-1.10e11 0.000e00 0.000e00 -2.000e04 3.302e23 mercury.gif
0.000e00 -1.10e11 2.000e04 0.000e00 4.869e24 venus.gif



